0 4
0 12
0 18
0 25
0 30
0 46
0 55
0 58
0 59
0 74
0 76
0 77
0 85
0 86
0 87
0 154
0 168
0 341
0 374
0 401
0 11
0 9
0 38
0 50
0 27
0 315
0 29
0 13
0 33
0 57
0 71
0 45
0 202
4 3
4 12
4 14
4 17
4 24
4 25
4 27
4 30
4 46
4 55
4 58
4 59
4 64
4 79
4 84
4 88
4 89
4 149
4 154
4 168
4 179
4 197
4 213
4 224
4 243
4 250
4 268
4 286
4 293
4 315
4 374
4 401
4 447
4 460
4 77
4 86
4 87
4 37
4 50
4 56
4 16
4 61
4 71
4 48
4 53
12 11
12 13
12 17
12 30
12 32
12 46
12 55
12 57
12 59
12 64
12 74
12 84
12 89
12 91
12 126
12 162
12 254
12 255
12 327
12 334
12 392
12 398
12 448
12 454
12 470
12 76
12 85
12 341
12 21
12 42
12 68
12 50
12 14
12 27
12 26
12 415
12 54
12 71
12 422
12 53
12 379
18 2
18 9
18 14
18 28
18 42
18 46
18 50
18 54
18 55
18 57
18 59
18 68
18 79
18 85
18 110
18 217
18 229
18 299
18 442
18 25
18 74
18 17
18 89
18 37
18 73
18 27
18 26
18 56
18 61
18 43
18 48
25 17
25 24
25 27
25 30
25 32
25 48
25 53
25 54
25 55
25 57
25 58
25 61
25 64
25 71
25 74
25 75
25 77
25 80
25 87
25 89
25 111
25 123
25 136
25 147
25 193
25 197
25 205
25 215
25 247
25 278
25 286
25 327
25 387
25 393
25 401
25 403
25 448
25 450
25 452
25 46
25 59
25 15
25 66
25 9
25 37
25 90
25 8
25 50
25 84
25 88
25 26
25 16
25 376
25 31
25 69
25 108
30 3
30 11
30 17
30 21
30 32
30 47
30 70
30 72
30 88
30 89
30 111
30 136
30 138
30 147
30 160
30 161
30 190
30 193
30 234
30 246
30 260
30 306
30 335
30 389
30 415
30 422
30 428
30 470
30 46
30 58
30 1
30 80
30 64
30 90
30 81
30 27
30 84
30 26
30 35
30 29
30 54
30 19
30 56
30 16
30 367
30 45
30 354
30 49
30 31
30 69
46 9
46 11
46 17
46 20
46 24
46 26
46 28
46 32
46 36
46 38
46 50
46 54
46 64
46 70
46 76
46 77
46 80
46 87
46 89
46 130
46 136
46 139
46 201
46 207
46 251
46 268
46 286
46 325
46 349
46 358
46 367
46 371
46 423
46 448
46 460
46 58
46 86
46 15
46 192
46 37
46 68
46 73
46 14
46 5
46 393
46 10
46 57
46 71
46 75
46 160
46 31
46 63
46 169
55 5
55 9
55 13
55 14
55 27
55 53
55 59
55 61
55 68
55 79
55 88
55 90
55 92
55 111
55 119
55 122
55 135
55 155
55 165
55 177
55 179
55 213
55 256
55 401
55 424
55 465
55 467
55 58
55 76
55 86
55 87
55 24
55 50
55 327
55 84
55 35
55 6
55 54
55 16
55 33
55 65
55 71
55 263
55 48
55 298
55 70
55 313
55 308
58 6
58 15
58 35
58 54
58 59
58 60
58 64
58 74
58 76
58 81
58 82
58 84
58 92
58 111
58 138
58 147
58 148
58 149
58 165
58 183
58 193
58 197
58 213
58 243
58 250
58 268
58 367
58 375
58 381
58 411
58 416
58 437
58 439
58 447
58 460
58 87
58 168
58 17
58 42
58 3
58 50
58 113
58 179
58 293
58 26
58 65
58 45
58 322
58 49
58 53
58 31
58 321
58 308
59 8
59 10
59 13
59 14
59 24
59 27
59 36
59 37
59 54
59 60
59 61
59 71
59 74
59 76
59 77
59 79
59 86
59 87
59 88
59 92
59 110
59 119
59 179
59 180
59 215
59 262
59 263
59 281
59 292
59 351
59 368
59 374
59 376
59 405
59 416
59 433
59 9
59 68
59 50
59 84
59 35
59 16
59 33
59 57
59 367
59 53
59 383
59 408
74 11
74 14
74 17
74 24
74 26
74 27
74 28
74 33
74 37
74 48
74 64
74 65
74 68
74 72
74 77
74 79
74 81
74 85
74 86
74 89
74 91
74 229
74 287
74 329
74 364
74 439
74 20
74 52
74 66
74 42
74 38
74 84
74 29
74 54
74 7
74 16
74 421
74 44
74 82
74 53
76 2
76 9
76 21
76 23
76 26
76 27
76 35
76 50
76 66
76 68
76 77
76 85
76 87
76 117
76 136
76 137
76 147
76 148
76 155
76 201
76 263
76 266
76 299
76 315
76 325
76 336
76 358
76 400
76 444
76 450
76 466
76 56
77 5
77 7
77 10
77 24
77 27
77 36
77 37
77 42
77 51
77 54
77 63
77 80
77 85
77 87
77 88
77 188
77 243
77 254
77 280
77 296
77 315
77 367
77 375
77 401
77 431
77 443
77 86
77 2
77 64
77 68
77 50
77 14
77 84
77 13
77 16
77 33
77 65
77 71
77 43
77 186
85 2
85 9
85 17
85 36
85 42
85 43
85 51
85 53
85 54
85 63
85 65
85 72
85 73
85 79
85 87
85 91
85 111
85 117
85 165
85 214
85 311
85 326
85 408
85 421
85 86
85 64
85 50
85 27
85 84
85 13
85 16
85 33
86 2
86 17
86 24
86 36
86 37
86 54
86 60
86 61
86 71
86 73
86 79
86 87
86 121
86 139
86 143
86 160
86 161
86 169
86 179
86 229
86 246
86 259
86 393
86 410
86 467
86 9
86 50
86 27
86 26
87 2
87 9
87 10
87 14
87 24
87 33
87 50
87 53
87 54
87 61
87 65
87 70
87 71
87 79
87 82
87 84
87 88
87 90
87 92
87 96
87 105
87 111
87 122
87 135
87 147
87 149
87 154
87 155
87 156
87 157
87 171
87 174
87 179
87 215
87 222
87 262
87 263
87 270
87 279
87 286
87 303
87 315
87 318
87 327
87 341
87 358
87 365
87 374
87 375
87 376
87 401
87 411
87 424
87 433
87 438
87 442
87 444
87 447
87 450
87 461
87 463
87 72
87 3
87 35
87 23
87 13
87 367
87 298
87 31
87 163
87 212
154 63
154 111
154 117
154 119
154 121
154 122
154 142
154 147
154 149
154 155
154 156
154 160
154 171
154 176
154 193
154 194
154 200
154 215
154 222
154 254
154 263
154 278
154 286
154 292
154 298
154 305
154 321
154 332
154 341
154 347
154 367
154 375
154 376
154 377
154 401
154 416
154 443
154 445
154 455
154 460
154 469
154 24
154 37
154 178
154 315
154 71
154 433
154 186
154 322
154 402
154 423
154 70
154 207
154 135
154 436
154 320
154 146
168 89
168 119
168 126
168 211
168 213
168 243
168 254
168 293
168 365
168 372
168 471
168 281
168 202
168 169
168 378
341 56
341 92
341 109
341 111
341 128
341 135
341 142
341 147
341 155
341 179
341 205
341 207
341 247
341 250
341 254
341 263
341 267
341 275
341 296
341 298
341 315
341 325
341 326
341 352
341 358
341 367
341 372
341 374
341 376
341 393
341 400
341 416
341 419
341 423
341 429
341 454
341 461
341 3
341 14
341 224
341 57
341 186
341 365
341 41
341 450
341 163
341 156
341 436
341 295
341 348
374 92
374 99
374 111
374 119
374 177
374 183
374 205
374 211
374 215
374 236
374 263
374 278
374 298
374 300
374 303
374 327
374 352
374 353
374 371
374 400
374 401
374 440
374 461
374 142
374 2
374 178
374 349
374 179
374 296
374 393
374 109
374 127
374 71
374 372
374 186
374 365
374 160
374 147
374 473
374 41
374 155
374 443
374 123
374 70
374 234
374 325
374 358
374 156
374 436
374 469
374 169
374 378
374 264
374 108
401 92
401 109
401 127
401 139
401 147
401 149
401 153
401 179
401 205
401 215
401 217
401 236
401 254
401 263
401 293
401 296
401 303
401 346
401 352
401 375
401 376
401 393
401 431
401 442
401 464
401 466
401 24
401 178
401 3
401 50
401 62
401 327
401 461
401 243
401 268
401 315
401 447
401 421
401 71
401 367
401 433
401 117
401 148
401 365
401 160
401 330
401 193
401 473
401 155
401 53
401 136
401 278
401 450
401 387
401 403
401 298
401 391
401 423
401 70
401 408
401 358
401 212
401 300
401 397
401 445
401 122
401 135
401 270
401 313
401 361
401 467
401 436
401 262
401 405
401 128
401 320
401 469
401 169
401 378
401 195
401 455
401 348
401 182
3 15
3 20
3 72
3 8
3 17
3 22
3 32
3 38
3 39
3 47
3 50
3 62
3 68
3 81
3 83
3 92
3 111
3 113
3 126
3 165
3 190
3 203
3 226
3 242
3 246
3 288
3 327
3 335
3 349
3 385
3 409
3 435
3 437
3 461
3 468
3 26
3 54
3 19
3 422
3 31
3 449
14 9
14 24
14 64
14 73
14 90
14 35
14 43
14 61
14 82
14 84
14 91
14 148
14 176
14 186
14 197
14 253
14 303
14 365
14 400
14 448
14 466
14 88
14 179
14 56
14 71
14 367
17 1
17 11
17 15
17 7
17 13
17 16
17 22
17 23
17 26
17 32
17 33
17 45
17 48
17 54
17 61
17 66
17 72
17 73
17 75
17 80
17 81
17 83
17 89
17 102
17 111
17 126
17 132
17 134
17 147
17 149
17 152
17 157
17 193
17 223
17 230
17 257
17 259
17 322
17 323
17 331
17 336
17 342
17 345
17 370
17 389
17 409
17 473
17 20
17 39
17 51
17 52
17 24
17 42
17 64
17 90
17 91
17 8
17 38
17 47
17 50
17 27
17 79
17 88
17 29
17 19
17 56
17 65
17 71
17 180
17 367
17 40
17 43
17 78
17 258
17 49
17 67
17 31
17 34
17 449
17 63
17 124
17 198
17 231
17 166
24 11
24 15
24 66
24 2
24 9
24 26
24 27
24 36
24 37
24 53
24 57
24 64
24 68
24 92
24 119
24 126
24 136
24 139
24 147
24 171
24 205
24 236
24 278
24 286
24 326
24 335
24 352
24 376
24 393
24 443
24 450
24 91
24 50
24 84
24 13
24 71
24 48
24 403
24 280
24 282
27 52
27 68
27 90
27 1
27 11
27 16
27 26
27 28
27 37
27 43
27 49
27 50
27 51
27 57
27 61
27 65
27 75
27 81
27 82
27 111
27 138
27 172
27 176
27 213
27 222
27 256
27 298
27 305
27 370
27 390
27 391
27 400
27 402
27 423
27 439
27 448
27 451
27 88
27 10
27 367
27 48
27 31
27 128
64 66
64 89
64 2
64 9
64 6
64 13
64 21
64 32
64 33
64 37
64 40
64 50
64 54
64 61
64 63
64 68
64 73
64 88
64 90
64 91
64 127
64 139
64 167
64 202
64 214
64 215
64 265
64 394
64 448
64 449
64 23
64 16
64 75
64 31
64 274
79 15
79 52
79 80
79 9
79 36
79 42
79 90
79 38
79 50
79 81
79 335
79 2
79 7
79 28
79 35
79 37
79 48
79 56
79 57
79 60
79 126
79 205
79 367
79 391
79 396
79 421
79 436
79 448
79 33
79 65
79 43
79 70
79 31
79 407
84 90
84 50
84 81
84 126
84 11
84 13
84 16
84 26
84 35
84 43
84 54
84 63
84 65
84 71
84 73
84 88
84 91
84 110
84 111
84 147
84 254
84 315
84 325
84 334
84 355
84 392
84 398
84 448
84 10
84 367
84 450
84 379
88 9
88 36
88 37
88 90
88 50
88 2
88 16
88 35
88 48
88 53
88 57
88 60
88 65
88 70
88 71
88 73
88 107
88 116
88 119
88 147
88 162
88 194
88 256
88 268
88 279
88 291
88 313
88 463
88 54
88 31
88 270
88 378
88 346
89 1
89 11
89 20
89 39
89 66
89 5
89 23
89 38
89 47
89 68
89 72
89 162
89 190
89 238
89 255
89 294
89 311
89 330
89 360
89 383
89 384
89 459
89 470
89 471
89 9
89 73
89 22
89 32
89 81
89 26
89 35
89 19
89 71
89 367
89 40
89 43
89 211
89 49
89 31
89 361
89 377
89 399
149 142
149 178
149 22
149 32
149 50
149 435
149 61
149 96
149 107
149 109
149 110
149 111
149 113
149 126
149 156
149 167
149 193
149 195
149 215
149 217
149 225
149 236
149 254
149 267
149 292
149 293
149 298
149 303
149 305
149 317
149 327
149 370
149 373
149 377
149 394
149 397
149 400
149 414
149 417
149 421
149 431
149 442
149 443
149 453
149 454
149 460
149 465
149 466
149 469
149 286
149 54
149 279
149 367
149 365
149 330
149 402
149 155
149 391
149 423
149 163
149 311
149 270
149 436
149 262
149 202
149 114
149 346
149 175
149 456
179 171
179 327
179 461
179 94
179 107
179 109
179 111
179 115
179 117
179 119
179 126
179 127
179 128
179 134
179 135
179 136
179 138
179 142
179 145
179 148
179 153
179 155
179 160
179 167
179 180
179 183
179 187
179 193
179 194
179 197
179 204
179 207
179 212
179 222
179 243
179 254
179 256
179 262
179 268
179 272
179 281
179 285
179 291
179 293
179 296
179 298
179 299
179 303
179 305
179 315
179 317
179 320
179 325
179 347
179 365
179 367
179 368
179 372
179 375
179 376
179 377
179 379
179 387
179 390
179 392
179 393
179 400
179 408
179 412
179 424
179 431
179 446
179 448
179 453
179 460
179 465
179 469
179 33
179 355
179 443
179 169
197 90
197 178
197 189
197 349
197 111
197 165
197 435
197 461
197 92
197 117
197 123
197 127
197 147
197 155
197 156
197 176
197 212
197 253
197 254
197 278
197 293
197 368
197 376
197 393
197 400
197 414
197 268
197 286
197 296
197 16
197 109
197 205
197 71
197 367
197 75
197 439
197 148
197 186
197 365
197 466
197 160
197 193
197 402
197 450
197 403
197 446
197 408
197 410
197 405
197 202
197 169
197 378
197 438
197 181
197 264
197 346
197 108
197 379
197 321
197 455
197 348
197 187
197 182
213 80
213 111
213 254
213 266
213 371
213 439
213 450
213 367
213 416
213 167
213 365
213 53
213 375
213 183
213 240
224 72
224 459
224 102
224 165
224 92
224 119
224 137
224 170
224 212
224 236
224 345
224 350
224 381
224 396
224 420
224 455
224 460
224 466
224 467
224 35
224 382
224 61
224 394
224 176
224 185
224 323
224 387
224 391
224 449
224 69
224 445
224 436
224 128
224 120
224 182
243 171
243 327
243 15
243 61
243 92
243 109
243 126
243 139
243 153
243 254
243 293
243 315
243 367
243 408
243 416
243 439
243 442
243 446
243 460
243 376
243 361
243 321
250 190
250 93
250 215
250 299
250 324
250 378
250 412
250 429
250 367
250 254
250 454
250 446
250 406
250 174
250 69
250 316
268 92
268 107
268 109
268 111
268 119
268 126
268 136
268 139
268 142
268 143
268 147
268 156
268 254
268 270
268 296
268 303
268 315
268 332
268 346
268 368
268 393
268 400
268 423
268 424
268 438
268 461
268 467
268 469
268 293
268 127
268 367
268 372
268 148
268 160
268 473
268 305
268 53
268 138
268 298
268 411
268 375
268 221
268 358
268 300
268 445
268 436
268 405
268 169
268 252
268 378
268 304
268 175
268 379
268 321
286 42
286 91
286 171
286 349
286 53
286 99
286 111
286 136
286 139
286 147
286 211
286 215
286 222
286 256
286 263
286 279
286 289
286 299
286 313
286 369
286 375
286 393
286 420
286 431
286 432
286 446
286 454
286 315
286 433
286 148
286 466
286 160
286 370
286 449
286 195
286 346
293 368
293 461
293 102
293 111
293 119
293 147
293 167
293 205
293 221
293 278
293 279
293 291
293 292
293 300
293 303
293 305
293 346
293 348
293 349
293 371
293 394
293 439
293 442
293 450
293 465
293 467
293 296
293 393
293 65
293 402
293 423
293 375
293 317
293 410
293 436
293 169
293 455
315 142
315 189
315 165
315 327
315 435
315 461
315 48
315 92
315 111
315 117
315 119
315 122
315 126
315 127
315 135
315 147
315 156
315 164
315 183
315 188
315 193
315 194
315 195
315 214
315 215
315 222
315 236
315 254
315 256
315 262
315 270
315 279
315 296
315 298
315 303
315 305
315 332
315 346
315 347
315 352
315 355
315 367
315 375
315 376
315 379
315 399
315 400
315 412
315 422
315 423
315 431
315 442
315 445
315 446
315 460
315 474
315 393
315 109
315 363
315 71
315 263
315 365
315 107
315 402
315 155
315 53
315 139
315 403
315 411
315 207
315 63
315 378
315 114
315 453
315 455
315 414
315 434
315 456
447 15
447 72
447 171
447 327
447 53
447 102
447 111
447 127
447 136
447 143
447 147
447 148
447 155
447 160
447 205
447 233
447 283
447 342
447 348
447 367
447 372
447 376
447 383
447 387
447 393
447 400
447 460
447 117
447 402
447 450
447 287
447 99
447 198
447 239
460 72
460 9
460 178
460 137
460 148
460 153
460 170
460 185
460 193
460 207
460 223
460 252
460 327
460 346
460 403
460 420
460 5
460 54
460 205
460 421
460 367
460 439
460 254
460 396
460 134
460 345
460 144
460 139
460 138
460 446
460 317
460 219
460 313
460 177
460 96
460 169
460 438
460 297
460 379
460 321
460 455
460 182
460 184
11 1
11 5
11 7
11 13
11 20
11 26
11 35
11 40
11 51
11 52
11 65
11 68
11 72
11 75
11 329
11 336
11 439
11 21
11 66
11 10
11 82
11 48
11 422
11 383
13 15
13 20
13 68
13 73
13 90
13 8
13 2
13 5
13 7
13 16
13 35
13 44
13 117
13 126
13 148
13 167
13 355
13 53
32 15
32 21
32 39
32 66
32 72
32 80
32 68
32 73
32 8
32 22
32 1
32 7
32 45
32 51
32 91
32 133
32 147
32 188
32 190
32 193
32 203
32 233
32 244
32 249
32 288
32 354
32 383
32 385
32 409
32 417
32 429
32 441
32 47
32 54
32 19
32 23
32 33
32 71
32 367
32 40
32 44
32 82
32 323
32 78
32 41
32 49
32 234
32 31
32 69
32 241
57 52
57 66
57 68
57 73
57 26
57 10
57 65
57 1
57 20
57 23
57 45
57 75
57 78
57 119
57 229
57 372
57 423
57 461
57 67
91 20
91 39
91 66
91 72
91 2
91 9
91 68
91 73
91 8
91 21
91 33
91 40
91 103
91 131
91 279
91 47
91 6
91 312
91 23
91 16
91 330
91 422
91 49
91 452
91 138
91 63
91 69
91 304
126 9
126 102
126 178
126 92
126 111
126 147
126 156
126 176
126 254
126 262
126 325
126 355
126 392
126 393
126 398
126 442
126 448
126 461
126 165
126 296
126 56
126 271
126 109
126 127
126 215
126 400
126 421
126 367
126 439
126 334
126 148
126 473
126 53
126 119
126 139
126 278
126 450
126 387
126 138
126 298
126 391
126 423
126 446
126 311
126 317
126 408
126 69
126 212
126 270
126 313
126 410
126 467
126 436
126 405
126 202
126 169
126 438
126 195
126 264
126 346
126 321
126 455
126 348
126 182
162 142
162 2
162 93
162 107
162 122
162 133
162 134
162 156
162 157
162 172
162 205
162 233
162 236
162 255
162 270
162 303
162 327
162 331
162 342
162 346
162 359
162 365
162 371
162 400
162 416
162 442
162 443
162 446
162 454
162 461
162 470
162 92
162 390
162 16
162 367
162 259
162 322
162 403
162 375
162 313
162 169
162 378
162 308
254 171
254 349
254 368
254 92
254 165
254 461
254 296
254 415
254 229
254 393
254 109
254 205
254 215
254 394
254 421
254 180
254 236
254 367
254 372
254 439
254 99
254 107
254 111
254 119
254 123
254 128
254 136
254 139
254 145
254 147
254 153
254 155
254 156
254 160
254 161
254 167
254 169
254 174
254 176
254 193
254 204
254 207
254 212
254 223
254 234
254 245
254 246
254 247
254 253
254 259
254 267
254 269
254 279
254 281
254 285
254 287
254 291
254 298
254 303
254 322
254 327
254 350
254 353
254 355
254 389
254 398
254 400
254 408
254 410
254 420
254 433
254 435
254 442
254 446
254 453
254 465
254 473
254 117
254 148
254 466
254 330
254 323
254 342
254 110
254 305
254 278
254 352
254 450
254 403
254 369
254 138
254 256
254 391
254 423
254 381
254 364
254 284
254 375
254 317
254 425
254 463
254 445
254 122
254 270
254 313
254 361
254 177
254 173
254 436
254 183
254 405
254 96
254 252
254 373
254 121
254 438
254 195
254 264
254 346
254 321
254 455
254 348
254 308
254 316
254 182
255 428
255 464
255 472
255 105
255 92
255 100
255 113
255 116
255 129
255 132
255 137
255 140
255 142
255 163
255 192
255 208
255 239
255 242
255 269
255 288
255 301
255 322
255 336
255 338
255 343
255 344
255 350
255 351
255 354
255 370
255 382
255 383
255 385
255 388
255 399
255 405
255 470
255 422
255 273
327 142
327 368
327 62
327 165
327 8
327 48
327 53
327 111
327 119
327 138
327 171
327 176
327 183
327 195
327 205
327 215
327 236
327 262
327 263
327 279
327 282
327 298
327 303
327 331
327 332
327 348
327 365
327 372
327 376
327 379
327 387
327 400
327 416
327 424
327 445
327 461
327 463
327 465
327 393
327 367
327 439
327 160
327 322
327 402
327 155
327 391
327 70
327 234
327 112
327 163
327 300
327 467
327 264
327 182
334 426
334 165
334 393
334 416
334 392
334 398
334 436
392 178
392 296
392 393
392 421
392 372
392 439
392 102
392 136
392 185
392 299
392 355
392 398
392 424
392 448
392 402
392 403
392 446
392 371
392 313
392 438
392 379
398 111
398 165
398 393
398 65
398 71
398 219
398 379
398 450
398 467
398 100
398 273
448 72
448 102
448 111
448 165
448 393
448 464
448 60
448 303
448 180
448 367
448 139
448 170
448 208
448 291
448 325
448 379
448 380
448 450
448 117
448 176
448 230
448 305
448 53
448 31
448 284
448 436
448 202
454 393
454 96
454 134
454 193
454 207
454 391
454 435
454 452
454 160
454 423
454 332
454 449
454 467
454 252
454 204
470 415
470 95
470 105
470 279
470 123
470 134
470 137
470 151
470 152
470 157
470 172
470 184
470 190
470 192
470 198
470 208
470 229
470 261
470 272
470 275
470 299
470 301
470 305
470 312
470 313
470 330
470 331
470 350
470 354
470 364
470 371
470 378
470 382
470 396
470 430
470 322
470 207
470 225
470 206
2 21
2 9
2 36
2 37
2 42
2 68
2 73
2 90
2 102
2 130
2 171
2 178
2 189
2 349
2 368
2 50
2 415
2 54
2 56
2 61
2 71
2 82
2 45
2 118
2 463
9 15
9 10
9 54
9 61
9 65
9 73
9 81
9 90
9 92
9 109
9 111
9 127
9 142
9 205
9 215
9 265
9 279
9 303
9 363
9 368
9 394
9 400
9 421
9 42
9 56
9 48
28 15
28 66
28 73
28 90
28 102
28 81
28 26
28 7
28 19
28 40
28 330
28 417
28 278
28 31
28 332
28 69
42 36
42 5
42 53
42 54
42 107
42 111
42 165
42 283
42 311
42 317
42 326
42 376
42 408
42 6
42 421
50 36
50 10
50 15
50 16
50 35
50 54
50 61
50 63
50 68
50 69
50 71
50 73
50 90
50 92
50 94
50 107
50 139
50 156
50 193
50 212
50 215
50 222
50 300
50 342
50 390
50 397
50 424
50 435
50 445
54 51
54 66
54 72
54 80
54 428
54 37
54 73
54 90
54 22
54 83
54 6
54 61
54 107
54 135
54 139
54 222
54 229
54 283
54 313
54 330
54 353
54 361
54 387
54 391
54 400
54 410
54 412
54 421
54 445
54 366
54 7
54 19
54 65
54 71
54 367
54 40
54 365
54 223
54 49
54 298
54 234
54 282
54 332
54 69
54 195
54 187
68 15
68 21
68 7
68 22
68 35
68 56
68 229
68 299
68 368
68 38
68 81
68 26
68 10
68 442
68 67
68 63
68 252
110 37
110 279
110 303
110 180
110 330
110 61
110 94
110 119
110 146
110 151
110 205
110 283
110 345
110 387
110 417
110 431
110 376
110 369
110 378
110 267
110 184
217 296
217 366
217 390
217 215
217 421
217 263
217 367
217 193
217 259
217 92
217 96
217 134
217 136
217 207
217 225
217 232
217 373
217 400
217 423
217 155
217 387
217 298
217 173
217 262
217 181
217 455
217 182
229 15
229 20
229 52
229 192
229 288
229 6
229 167
229 173
229 225
229 253
229 272
229 299
229 319
229 346
229 353
229 396
229 420
229 421
229 431
229 461
229 382
229 65
229 127
229 367
229 365
229 466
229 331
229 138
229 451
229 280
229 31
229 188
229 364
229 332
229 311
229 317
229 99
229 221
229 207
229 371
229 174
229 343
229 405
229 202
229 169
229 453
229 304
229 100
229 333
229 182
229 184
229 434
299 296
299 415
299 393
299 127
299 439
299 148
299 466
299 331
299 193
299 100
299 119
299 147
299 223
299 252
299 270
299 272
299 292
299 340
299 427
299 442
299 402
299 432
299 446
299 364
299 424
299 449
299 221
299 412
299 436
299 128
299 202
299 169
299 240
299 356
442 142
442 111
442 113
442 226
442 312
442 390
442 303
442 421
442 71
442 367
442 331
442 330
442 259
442 147
442 153
442 166
442 167
442 169
442 177
442 214
442 221
442 252
442 267
442 275
442 292
442 313
442 332
442 376
442 377
442 380
442 424
442 462
442 467
442 305
442 443
442 298
442 375
442 371
442 436
442 319
442 202
442 143
442 114
442 360
442 264
442 231
442 456
48 81
48 56
48 33
48 60
48 40
48 53
48 61
48 259
48 330
48 463
48 70
48 31
48 69
48 164
53 72
53 90
53 35
53 312
53 279
53 303
53 155
53 23
53 99
53 102
53 111
53 116
53 122
53 135
53 142
53 148
53 245
53 256
53 263
53 270
53 332
53 375
53 376
53 70
61 37
61 90
61 35
61 29
61 56
61 6
61 60
61 71
61 72
61 94
61 107
61 128
61 135
61 138
61 139
61 183
61 194
61 215
61 222
61 225
61 256
61 262
61 263
61 298
61 305
61 320
61 326
61 349
61 367
61 369
61 387
61 391
61 411
61 439
61 43
61 70
61 31
71 37
71 90
71 29
71 393
71 10
71 1
71 8
71 39
71 41
71 52
71 62
71 63
71 65
71 66
71 69
71 72
71 80
71 92
71 97
71 107
71 109
71 122
71 127
71 136
71 143
71 147
71 156
71 157
71 160
71 165
71 169
71 185
71 210
71 225
71 236
71 246
71 247
71 252
71 253
71 259
71 263
71 269
71 270
71 272
71 278
71 279
71 282
71 298
71 306
71 312
71 314
71 330
71 331
71 332
71 342
71 352
71 367
71 368
71 373
71 376
71 377
71 378
71 381
71 389
71 391
71 415
71 428
71 444
71 446
71 450
71 463
71 466
71 467
71 361
71 455
71 274
75 62
75 60
75 38
75 40
75 43
75 47
75 51
75 80
75 113
75 122
75 285
75 335
75 364
75 406
75 425
75 49
75 31
80 1
80 15
80 21
80 66
80 5
80 7
80 20
80 23
80 26
80 38
80 39
80 40
80 51
80 72
80 190
80 266
80 271
80 272
80 294
80 335
80 399
80 421
80 432
80 452
80 8
80 47
80 31
111 72
111 142
111 171
111 178
111 109
111 139
111 147
111 156
111 157
111 165
111 177
111 205
111 212
111 215
111 231
111 236
111 263
111 267
111 275
111 292
111 352
111 355
111 365
111 370
111 376
111 379
111 393
111 400
111 408
111 416
111 423
111 461
111 465
111 203
111 435
111 296
111 390
111 127
111 421
111 367
111 439
111 117
111 148
111 186
111 331
111 160
111 330
111 193
111 322
111 473
111 402
111 119
111 326
111 247
111 387
111 403
111 67
111 369
111 138
111 222
111 256
111 298
111 391
111 446
111 118
111 424
111 311
111 317
111 371
111 300
111 313
111 436
111 405
111 320
111 202
111 169
111 252
111 378
111 438
111 195
111 204
111 346
111 115
111 150
111 108
111 321
111 348
111 308
111 182
123 393
123 473
123 371
123 436
123 348
136 130
136 165
136 461
136 157
136 296
136 29
136 390
136 393
136 303
136 263
136 367
136 416
136 167
136 176
136 251
136 193
136 155
136 305
136 100
136 119
136 128
136 138
136 147
136 160
136 169
136 175
136 199
136 205
136 207
136 259
136 291
136 300
136 346
136 352
136 378
136 381
136 400
136 410
136 431
136 439
136 467
136 278
136 298
136 383
136 289
136 284
136 163
136 436
136 120
136 235
147 171
147 178
147 349
147 22
147 92
147 461
147 35
147 157
147 393
147 23
147 205
147 215
147 303
147 394
147 180
147 263
147 292
147 372
147 117
147 148
147 167
147 186
147 365
147 160
147 119
147 122
147 128
147 138
147 156
147 207
147 256
147 275
147 278
147 300
147 304
147 305
147 308
147 326
147 338
147 369
147 377
147 378
147 387
147 421
147 424
147 425
147 431
147 439
147 443
147 445
147 446
147 463
147 467
147 469
147 193
147 402
147 139
147 376
147 450
147 403
147 298
147 411
147 444
147 70
147 31
147 375
147 325
147 358
147 135
147 270
147 313
147 410
147 436
147 262
147 202
147 121
147 170
193 178
193 349
193 461
193 312
193 393
193 33
193 215
193 303
193 236
193 367
193 416
193 148
193 96
193 107
193 119
193 139
193 194
193 207
193 212
193 225
193 263
193 298
193 305
193 330
193 347
193 352
193 376
193 390
193 400
193 423
193 435
193 439
193 450
193 223
193 259
193 473
193 403
193 138
193 391
193 135
193 436
193 195
193 204
193 267
193 232
193 321
193 455
193 187
193 184
205 72
205 349
205 368
205 157
205 296
205 393
205 109
205 119
205 153
205 215
205 233
205 267
205 325
205 335
205 347
205 357
205 400
205 408
205 431
205 461
205 367
205 160
205 473
205 41
205 402
205 155
205 278
205 450
205 387
205 403
205 222
205 391
205 353
205 361
205 410
205 465
205 436
205 405
205 169
205 378
205 264
205 455
205 182
215 142
215 92
215 165
215 435
215 461
215 296
215 393
215 122
215 135
215 138
215 139
215 156
215 166
215 171
215 177
215 195
215 222
215 225
215 236
215 263
215 278
215 303
215 326
215 352
215 353
215 355
215 358
215 365
215 376
215 378
215 390
215 397
215 414
215 443
215 445
215 453
215 279
215 421
215 367
215 372
215 439
215 330
215 322
215 155
215 450
215 298
215 423
215 70
215 234
215 212
215 300
215 347
215 270
215 467
215 436
215 252
215 264
215 346
215 108
215 379
215 321
215 184
247 29
247 367
247 107
247 160
247 122
247 191
247 277
247 393
247 428
247 439
278 92
278 113
278 145
278 393
278 303
278 367
278 117
278 155
278 139
278 119
278 127
278 167
278 195
278 305
278 313
278 352
278 400
278 450
278 461
278 31
278 156
278 202
278 378
278 379
278 321
387 92
387 296
387 393
387 367
387 259
387 402
387 155
387 119
387 326
387 140
387 177
387 212
387 272
387 292
387 317
387 371
387 377
387 400
387 424
387 431
387 467
387 369
387 444
387 410
387 412
387 262
387 378
387 388
387 267
387 346
387 321
387 455
393 142
393 37
393 73
393 368
393 92
393 113
393 461
393 157
393 296
393 6
393 366
393 390
393 22
393 107
393 109
393 117
393 119
393 122
393 127
393 138
393 139
393 145
393 148
393 153
393 155
393 156
393 160
393 176
393 180
393 183
393 186
393 204
393 207
393 212
393 225
393 256
393 259
393 262
393 263
393 267
393 270
393 279
393 281
393 291
393 292
393 297
393 298
393 300
393 303
393 304
393 305
393 316
393 325
393 326
393 330
393 331
393 347
393 352
393 353
393 355
393 367
393 369
393 372
393 378
393 381
393 391
393 400
393 403
393 408
393 410
393 416
393 420
393 424
393 431
393 433
393 438
393 443
393 444
393 445
393 446
393 453
393 466
393 467
393 469
393 421
393 236
393 439
393 167
393 41
393 222
393 436
393 405
393 96
393 108
393 455
403 367
403 185
403 92
403 94
403 102
403 109
403 117
403 139
403 142
403 148
403 153
403 155
403 183
403 207
403 267
403 292
403 317
403 325
403 346
403 347
403 363
403 368
403 371
403 381
403 400
403 408
403 431
403 445
403 446
403 453
403 474
450 92
450 296
450 390
450 303
450 400
450 367
450 372
450 439
450 96
450 121
450 127
450 145
450 148
450 155
450 157
450 160
450 171
450 177
450 219
450 270
450 298
450 313
450 416
450 423
450 424
450 431
450 461
450 467
450 469
450 436
450 272
450 321
452 192
452 426
452 428
452 335
452 468
452 26
452 464
452 95
452 271
452 389
452 265
452 367
452 329
452 233
452 245
452 396
452 132
452 134
452 230
452 322
452 323
452 370
452 422
452 116
452 144
452 220
452 258
452 269
452 305
452 129
452 137
452 141
452 185
452 188
452 190
452 198
452 201
452 206
452 208
452 242
452 244
452 257
452 310
452 318
452 333
452 380
452 385
452 386
452 399
452 409
452 417
452 437
452 260
452 133
452 383
452 294
452 283
452 214
452 371
452 463
452 125
452 270
452 350
452 96
452 124
452 266
452 238
452 471
452 181
452 307
452 98
452 101
452 175
452 344
452 231
452 120
452 216
452 418
452 227
452 474
21 1
21 7
21 39
21 40
21 47
21 66
21 72
21 73
21 90
21 209
21 413
21 22
21 81
21 26
21 23
21 56
21 44
21 78
21 31
21 124
47 39
47 51
47 66
47 8
47 22
47 7
47 23
47 40
47 56
47 72
47 81
47 112
47 188
47 226
47 242
47 244
47 245
47 257
47 301
47 389
47 461
47 462
47 26
47 271
47 354
47 49
70 52
70 171
70 69
70 122
70 135
70 156
70 177
70 222
70 236
70 256
70 263
70 279
70 298
70 303
70 358
70 365
70 411
70 435
70 443
70 461
72 1
72 20
72 51
72 52
72 66
72 8
72 35
72 38
72 41
72 44
72 94
72 114
72 128
72 137
72 138
72 155
72 165
72 185
72 190
72 219
72 233
72 249
72 257
72 269
72 370
72 371
72 389
72 396
72 435
72 459
72 461
72 73
72 22
72 83
72 26
72 7
72 19
72 23
72 56
72 16
72 382
72 367
72 40
72 82
72 323
72 78
72 49
72 67
72 31
72 364
72 34
72 358
72 63
72 69
138 102
138 416
138 148
138 402
138 155
138 305
138 67
138 92
138 103
138 107
138 128
138 139
138 142
138 145
138 157
138 160
138 167
138 177
138 208
138 212
138 216
138 223
138 225
138 281
138 308
138 317
138 347
138 368
138 394
138 436
138 445
138 405
138 321
138 240
160 189
160 349
160 461
160 296
160 415
160 16
160 109
160 127
160 394
160 400
160 421
160 367
160 439
160 117
160 148
160 167
160 355
160 186
160 92
160 107
160 139
160 155
160 262
160 279
160 303
160 317
160 323
160 373
160 376
160 377
160 399
160 410
160 433
160 438
160 469
160 330
160 345
160 473
160 298
160 325
160 300
160 467
160 173
160 436
160 405
160 431
160 169
160 264
160 204
160 267
160 346
160 321
160 455
160 182
161 113
161 242
161 246
161 95
161 105
161 271
161 318
161 389
161 40
161 329
161 355
161 245
161 322
161 116
161 159
161 220
161 269
161 337
161 386
161 49
161 67
161 101
161 125
161 188
161 190
161 208
161 228
161 234
161 248
161 324
161 338
161 339
161 343
161 354
161 385
161 417
161 429
161 118
161 210
161 380
161 399
161 430
161 440
161 164
190 1
190 20
190 39
190 51
190 52
190 66
190 97
190 103
190 113
190 116
190 125
190 132
190 143
190 208
190 209
190 220
190 242
190 244
190 246
190 248
190 261
190 269
190 272
190 276
190 301
190 318
190 324
190 343
190 354
190 360
190 382
190 383
190 385
190 386
190 389
190 399
190 407
190 417
190 428
190 437
190 439
190 441
190 192
190 459
190 73
190 130
190 8
190 22
190 203
190 226
190 468
190 306
190 312
190 7
190 19
190 23
190 464
190 95
190 105
190 271
190 458
190 40
190 329
190 336
190 44
190 233
190 245
190 251
190 134
190 257
190 322
190 370
190 159
190 237
190 337
190 49
190 137
190 172
190 234
190 260
190 31
190 34
190 118
190 289
190 294
190 201
190 174
190 218
190 124
190 210
190 191
190 380
190 266
190 339
190 238
190 388
190 93
190 200
190 307
190 98
190 101
190 150
190 158
190 333
190 175
190 228
190 295
190 338
190 344
190 151
190 231
190 241
190 120
190 290
190 418
190 277
190 457
234 113
234 226
234 271
234 318
234 367
234 152
234 223
234 322
234 116
234 220
234 269
234 337
234 354
234 105
234 125
234 174
234 210
234 222
234 228
234 242
234 244
234 248
234 303
234 350
234 355
234 386
234 389
234 435
234 437
234 455
234 461
234 319
234 380
234 238
234 307
234 346
234 430
234 379
246 113
246 203
246 226
246 242
246 116
246 137
246 140
246 143
246 188
246 192
246 208
246 218
246 220
246 233
246 237
246 244
246 248
246 269
246 279
246 301
246 318
246 322
246 324
246 339
246 343
246 354
246 389
246 440
246 472
246 409
246 306
246 312
246 95
246 105
246 271
246 367
246 40
246 245
246 159
246 258
246 337
246 386
246 49
246 67
246 432
246 118
246 174
246 399
246 206
246 101
246 158
246 175
246 276
246 228
246 430
246 164
260 105
260 389
260 367
260 322
260 370
260 159
260 101
260 113
260 125
260 132
260 134
260 143
260 208
260 220
260 237
260 244
260 301
260 318
260 343
260 350
260 360
260 382
260 386
260 437
260 310
260 456
306 428
306 73
306 5
306 130
306 151
306 208
306 218
306 269
306 288
306 324
306 385
306 367
306 322
306 258
306 244
306 383
306 34
306 112
306 219
306 343
306 319
306 143
306 399
306 141
306 198
306 344
306 164
306 418
335 52
335 192
335 428
335 90
335 171
335 38
335 62
335 92
335 242
335 7
335 100
335 103
335 107
335 112
335 113
335 116
335 128
335 129
335 132
335 137
335 141
335 143
335 175
335 188
335 199
335 208
335 223
335 233
335 237
335 238
335 239
335 244
335 251
335 265
335 269
335 272
335 274
335 277
335 301
335 310
335 319
335 322
335 324
335 343
335 350
335 351
335 354
335 370
335 380
335 382
335 383
335 385
335 405
335 417
335 421
335 427
335 464
335 474
335 26
335 19
335 249
335 33
335 131
335 458
335 236
335 367
335 331
335 211
335 422
335 386
335 31
335 429
335 364
335 294
335 302
335 214
335 221
335 212
335 169
335 266
335 399
335 328
335 471
335 206
335 158
335 276
335 164
335 290
335 418
335 456
389 51
389 192
389 428
389 130
389 8
389 22
389 113
389 226
389 409
389 26
389 23
389 105
389 271
389 318
389 41
389 49
389 101
389 116
389 118
389 120
389 125
389 132
389 133
389 144
389 150
389 159
389 175
389 188
389 208
389 210
389 220
389 228
389 233
389 242
389 244
389 245
389 248
389 269
389 301
389 312
389 322
389 324
389 339
389 350
389 354
389 359
389 362
389 370
389 371
389 380
389 385
389 386
389 399
389 421
389 440
389 367
389 329
389 257
389 209
389 237
389 337
389 137
389 375
389 406
389 174
389 343
389 69
389 218
389 319
389 388
389 307
389 346
389 158
389 338
389 344
389 430
389 164
389 241
389 457
389 227
415 349
415 5
415 26
415 112
415 182
415 186
415 198
415 204
415 253
415 283
415 296
415 323
415 324
415 331
415 346
415 362
415 385
415 421
415 433
415 449
415 367
415 223
415 422
415 184
422 26
422 19
422 318
422 367
422 330
422 322
422 96
422 102
422 103
422 105
422 112
422 113
422 118
422 131
422 140
422 185
422 188
422 191
422 198
422 206
422 216
422 223
422 233
422 244
422 249
422 253
422 262
422 266
422 269
422 271
422 283
422 288
422 289
422 290
422 294
422 301
422 324
422 328
422 338
422 339
422 340
422 343
422 344
422 351
422 359
422 370
422 372
422 396
422 409
422 427
422 428
422 437
422 457
422 464
422 471
422 472
422 164
428 1
428 8
428 95
428 101
428 102
428 112
428 116
428 119
428 129
428 130
428 134
428 141
428 143
428 144
428 150
428 171
428 175
428 188
428 192
428 200
428 203
428 208
428 233
428 238
428 241
428 242
428 244
428 245
428 251
428 261
428 269
428 271
428 272
428 276
428 277
428 295
428 301
428 302
428 309
428 312
428 322
428 323
428 324
428 336
428 343
428 350
428 351
428 354
428 370
428 383
428 384
428 386
428 399
428 402
428 417
428 418
428 427
428 429
428 435
428 437
428 455
428 462
428 468
428 26
428 105
428 367
428 331
428 223
428 342
428 237
428 423
428 294
428 449
428 283
428 156
428 266
428 104
428 158
428 430
428 362
428 274
20 1
20 15
20 8
20 23
20 38
20 40
20 51
20 66
20 78
20 97
20 157
20 226
20 417
20 461
20 36
20 73
20 22
20 26
20 19
20 16
26 66
26 5
26 1
26 7
26 15
26 22
26 33
26 44
26 56
26 67
26 73
26 78
26 81
26 137
26 171
26 199
26 211
26 251
26 253
26 257
26 265
26 369
26 432
26 464
26 29
26 23
26 16
26 31
26 63
36 15
36 23
36 171
36 178
36 349
36 368
36 43
38 66
38 22
38 8
38 35
38 39
38 97
38 284
38 461
38 81
38 40
130 103
130 105
130 116
130 132
130 144
130 151
130 171
130 210
130 220
130 242
130 245
130 248
130 269
130 276
130 318
130 339
130 343
130 344
130 359
130 382
130 385
130 417
130 440
130 441
130 22
130 113
130 226
130 263
130 329
130 331
130 134
130 322
130 323
130 159
130 337
130 354
130 49
130 31
130 133
130 34
130 118
130 283
130 214
130 399
130 307
130 346
130 150
130 175
130 430
130 241
130 290
130 274
130 474
130 456
139 142
139 102
139 178
139 461
139 157
139 296
139 390
139 464
139 303
139 292
139 117
139 148
139 107
139 109
139 135
139 155
139 156
139 195
139 204
139 222
139 274
139 285
139 325
139 332
139 347
139 379
139 391
139 400
139 432
139 453
139 352
139 463
139 94
139 212
139 397
139 445
139 291
139 436
139 128
139 320
139 431
139 202
139 121
139 304
139 346
139 170
139 166
139 182
201 192
201 426
201 113
201 464
201 367
201 322
201 323
201 370
201 269
201 354
201 188
201 23
201 97
201 103
201 134
201 242
201 271
201 324
201 350
201 385
201 386
201 440
201 351
201 169
201 98
207 459
207 296
207 421
207 263
207 367
207 148
207 176
207 253
207 330
207 155
207 352
207 298
207 423
207 446
207 332
207 107
207 137
207 153
207 170
207 346
207 400
207 420
207 424
207 469
207 63
207 135
207 436
207 262
207 128
207 378
207 108
207 182
207 184
251 15
251 92
251 69
251 100
251 112
251 132
251 134
251 143
251 175
251 192
251 199
251 208
251 223
251 245
251 302
251 322
251 343
251 345
251 383
251 385
251 386
251 399
251 418
251 439
251 472
251 31
251 284
251 169
251 407
325 178
325 461
325 296
325 472
325 303
325 236
325 281
325 367
325 372
325 439
325 148
325 144
325 402
325 119
325 222
325 298
325 102
325 142
325 169
325 177
325 421
325 424
325 443
325 358
325 371
325 135
325 313
325 436
325 405
325 320
325 469
325 438
325 346
325 115
325 321
349 90
349 171
349 178
349 45
349 107
349 142
349 152
349 156
349 172
349 184
349 236
349 263
349 267
349 287
349 290
349 291
349 292
349 303
349 305
349 320
349 326
349 340
349 346
349 358
349 368
349 373
349 405
349 424
349 35
349 296
349 16
349 396
349 209
349 67
349 222
349 446
349 31
349 63
349 445
349 353
349 264
349 158
349 321
349 356
358 142
358 461
358 157
358 236
358 263
358 355
358 176
358 376
358 443
358 256
358 298
358 109
358 119
358 135
358 155
358 156
358 303
358 373
358 436
358 467
358 212
358 122
358 347
358 270
358 100
358 455
367 178
367 296
367 56
367 10
367 109
367 180
367 236
367 263
367 281
367 8
367 65
367 83
367 92
367 96
367 97
367 99
367 102
367 105
367 107
367 108
367 113
367 117
367 119
367 122
367 125
367 129
367 131
367 133
367 134
367 140
367 143
367 144
367 145
367 148
367 153
367 155
367 156
367 157
367 165
367 170
367 171
367 172
367 174
367 175
367 176
367 184
367 187
367 188
367 194
367 195
367 196
367 198
367 199
367 200
367 208
367 212
367 216
367 222
367 228
367 232
367 233
367 235
367 242
367 244
367 245
367 252
367 253
367 256
367 257
367 259
367 262
367 266
367 267
367 270
367 271
367 272
367 277
367 279
367 288
367 291
367 292
367 294
367 298
367 300
367 303
367 305
367 311
367 312
367 313
367 314
367 318
367 319
367 320
367 322
367 323
367 324
367 326
367 330
367 331
367 332
367 338
367 339
367 342
367 343
367 346
367 347
367 350
367 353
367 355
367 361
367 365
367 370
367 372
367 373
367 376
367 377
367 378
367 379
367 382
367 390
367 391
367 394
367 400
367 402
367 408
367 416
367 417
367 420
367 421
367 423
367 424
367 432
367 433
367 435
367 436
367 437
367 438
367 439
367 440
367 445
367 446
367 451
367 453
367 455
367 461
367 462
367 464
367 465
367 467
367 469
367 264
371 192
371 102
371 165
371 242
371 435
371 318
371 394
371 421
371 292
371 167
371 253
371 331
371 345
371 305
371 172
371 287
371 364
371 283
371 100
371 119
371 169
371 171
371 176
371 245
371 265
371 338
371 346
371 378
371 431
371 441
371 462
371 291
371 412
371 202
371 143
371 150
371 232
423 461
423 296
423 29
423 312
423 400
423 421
423 263
423 416
423 152
423 323
423 78
423 402
423 119
423 352
423 63
423 92
423 102
423 109
423 128
423 134
423 148
423 153
423 157
423 171
423 176
423 183
423 187
423 204
423 210
423 212
423 256
423 262
423 287
423 298
423 303
423 308
423 347
423 375
423 381
423 391
423 412
423 424
423 431
423 433
423 446
423 453
423 135
423 467
423 436
423 272
423 378
423 108
423 321
423 455
423 277
423 274
5 52
5 66
5 35
5 157
5 242
5 296
90 10
90 119
90 177
90 272
90 279
90 305
90 312
90 361
90 368
90 466
90 35
90 298
90 194
92 15
92 171
92 178
92 81
92 109
92 119
92 127
92 142
92 145
92 155
92 181
92 188
92 249
92 279
92 291
92 292
92 296
92 298
92 303
92 305
92 313
92 317
92 326
92 353
92 376
92 388
92 400
92 408
92 416
92 424
92 431
92 461
92 467
92 469
92 165
92 6
92 390
92 65
92 263
92 372
92 433
92 439
92 117
92 148
92 167
92 253
92 466
92 132
92 342
92 473
92 352
92 222
92 391
92 212
92 397
92 135
92 436
92 262
92 202
92 169
92 377
92 328
92 121
92 438
92 264
92 115
92 150
92 344
92 455
92 240
119 178
119 461
119 109
119 279
119 303
119 372
119 439
119 117
119 148
119 186
119 402
119 155
119 145
119 177
119 212
119 281
119 292
119 320
119 346
119 347
119 368
119 375
119 404
119 408
119 431
119 438
119 352
119 298
119 332
119 94
119 445
119 122
119 467
119 183
119 378
119 267
119 321
119 455
119 348
122 52
122 109
122 127
122 303
122 263
122 372
122 439
122 148
122 365
122 466
122 185
122 155
122 352
122 376
122 443
122 298
122 391
122 446
122 424
122 332
122 375
122 156
122 135
122 157
122 195
122 232
122 236
122 270
122 300
122 305
122 313
122 326
122 378
122 379
122 436
122 455
122 461
122 467
122 469
122 346
135 171
135 461
135 157
135 303
135 263
135 352
135 376
135 375
135 99
135 37
135 127
135 153
135 156
135 204
135 236
135 256
135 270
135 271
135 305
135 377
135 416
135 424
135 431
135 443
135 453
135 463
135 467
135 177
135 346
155 461
155 366
155 23
155 127
155 421
155 439
155 148
155 176
155 41
155 99
155 117
155 165
155 262
155 280
155 283
155 292
155 296
155 303
155 317
155 320
155 372
155 373
155 376
155 379
155 400
155 424
155 453
155 467
155 469
155 298
155 391
155 446
155 375
155 311
155 313
155 410
155 412
155 405
155 169
155 438
155 346
155 276
155 348
155 184
165 151
165 156
165 177
165 180
165 185
165 222
165 256
165 275
165 279
165 292
165 296
165 312
165 313
165 330
165 365
165 372
165 379
165 397
165 400
165 414
165 420
165 449
165 465
165 127
165 355
165 245
165 322
165 41
165 264
177 157
177 145
177 312
177 318
177 279
177 236
177 263
177 292
177 372
177 402
177 298
177 425
177 174
177 218
177 347
177 113
177 186
177 204
177 256
177 338
177 355
177 376
177 406
177 461
177 469
177 438
256 171
256 461
256 296
256 464
256 279
256 303
256 236
256 263
256 416
256 148
256 107
256 237
256 326
256 146
256 292
256 308
256 347
256 439
256 270
256 465
256 436
256 231
256 379
256 321
424 102
424 461
424 35
424 145
424 109
424 127
424 303
424 236
424 263
424 253
424 245
424 305
424 326
424 376
424 222
424 298
424 446
424 156
424 157
424 270
424 272
424 283
424 300
424 359
424 377
424 378
424 467
424 317
424 63
424 410
424 436
424 128
424 252
424 264
424 100
424 321
424 182
465 400
465 263
465 466
465 305
465 352
465 332
465 311
465 283
465 298
465 377
465 421
465 304
465 175
467 60
467 109
467 303
467 117
467 259
467 376
467 408
467 300
467 410
467 412
467 37
467 107
467 121
467 127
467 128
467 145
467 148
467 153
467 156
467 157
467 262
467 263
467 292
467 305
467 321
467 326
467 373
467 378
467 381
467 431
467 433
467 446
467 469
467 436
467 115
6 8
6 29
6 62
6 73
6 145
6 296
6 312
6 366
6 368
6 390
15 1
15 8
15 22
15 23
15 33
15 39
15 60
15 66
15 73
15 102
15 107
15 145
15 185
15 233
15 245
15 331
15 421
15 461
15 51
15 40
15 144
15 67
15 69
15 231
35 52
35 171
35 7
35 56
35 60
35 78
35 148
35 236
35 279
35 284
35 312
35 444
35 10
35 300
35 173
35 308
60 8
60 156
60 303
81 56
81 40
81 82
82 52
82 66
82 56
82 40
82 51
82 73
82 310
82 328
82 380
148 178
148 296
148 421
148 236
148 439
148 117
148 107
148 109
148 127
148 137
148 153
148 156
148 170
148 183
148 185
148 188
148 212
148 304
148 368
148 400
148 405
148 408
148 420
148 431
148 444
148 446
148 466
148 469
148 345
148 473
148 391
148 317
148 313
148 361
148 436
148 169
148 438
148 346
148 297
148 348
148 182
148 184
183 178
183 368
183 461
183 296
183 439
183 473
183 305
183 222
183 391
183 408
183 95
183 143
183 405
183 169
375 37
375 171
375 303
375 363
375 236
375 263
375 186
375 466
375 411
375 245
375 304
375 313
375 362
375 369
375 372
375 376
375 400
375 404
375 405
375 416
375 427
375 431
375 435
375 461
375 169
375 379
381 461
381 29
381 345
381 305
381 369
381 105
381 169
381 214
381 330
381 436
381 438
381 346
381 404
381 274
381 184
411 459
411 102
411 29
411 402
411 305
411 146
411 153
411 156
411 219
411 249
411 275
411 332
411 346
411 453
411 128
416 171
416 10
416 180
416 236
416 263
416 281
416 292
416 99
416 121
416 156
416 210
416 279
416 317
416 353
416 433
416 253
416 342
416 345
416 280
416 282
416 291
416 412
416 436
416 262
416 405
416 320
416 169
416 407
416 321
437 459
437 22
437 242
437 318
437 19
437 105
437 271
437 44
437 233
437 331
437 152
437 223
437 322
437 370
437 258
437 337
437 188
437 34
437 112
437 214
437 174
437 359
437 350
437 124
437 181
437 261
437 227
437 474
439 171
439 329
439 7
439 107
439 117
439 128
439 145
439 153
439 167
439 180
439 194
439 204
439 212
439 272
439 277
439 285
439 290
439 298
439 303
439 305
439 346
439 368
439 377
439 378
439 400
439 408
439 410
439 417
439 438
439 453
439 473
439 259
439 391
439 94
439 320
439 264
439 321
8 51
8 52
8 192
8 16
8 22
8 33
8 66
8 95
8 105
8 131
8 226
8 271
8 318
8 382
8 435
8 458
8 83
8 7
8 19
8 40
8 211
8 49
8 31
8 34
8 324
8 98
8 333
10 180
10 236
10 263
10 281
10 292
10 372
10 433
10 361
37 7
37 16
37 263
37 282
37 292
37 303
37 332
37 433
37 178
37 65
37 298
37 31
37 63
180 296
180 458
180 167
180 262
180 263
180 266
180 281
180 284
180 287
180 292
180 303
180 405
180 369
180 348
262 102
262 171
262 127
262 279
262 372
262 433
262 331
262 298
262 332
262 112
262 156
262 212
262 300
262 313
262 410
262 436
262 109
262 222
262 275
262 292
262 340
262 346
262 369
262 453
262 108
262 316
262 182
263 142
263 171
263 178
263 435
263 29
263 23
263 279
263 303
263 236
263 63
263 99
263 107
263 109
263 156
263 186
263 210
263 222
263 287
263 292
263 298
263 313
263 326
263 352
263 373
263 376
263 386
263 400
263 431
263 453
263 461
263 433
263 355
263 332
263 270
263 405
263 455
263 274
281 368
281 157
281 421
281 102
281 167
281 211
281 221
281 277
281 292
281 351
281 420
281 431
281 433
281 441
281 446
281 471
281 405
281 106
281 321
292 178
292 461
292 296
292 145
292 366
292 421
292 236
292 171
292 214
292 221
292 332
292 405
292 433
292 372
292 186
292 305
292 352
292 289
292 311
292 406
292 212
292 291
292 410
292 173
292 196
292 436
292 128
292 194
292 469
292 104
292 346
292 231
292 348
351 192
351 426
351 464
351 472
351 382
351 265
351 329
351 152
351 370
351 301
351 386
351 137
351 383
351 93
351 97
351 103
351 132
351 134
351 141
351 175
351 208
351 209
351 261
351 309
351 322
351 343
351 350
351 364
351 405
351 406
351 417
351 432
351 440
351 441
351 380
351 98
351 290
368 171
368 178
368 322
368 376
368 400
368 435
368 296
368 446
368 309
368 313
368 353
368 436
368 272
368 378
368 267
368 346
376 461
376 157
376 296
376 109
376 303
376 329
376 117
376 355
376 331
376 326
376 156
376 222
376 236
376 270
376 298
376 400
376 443
376 453
376 455
376 469
376 332
376 436
376 373
376 321
405 209
405 340
405 128
405 204
405 208
405 212
405 233
405 346
405 347
405 400
405 408
405 266
433 461
433 16
433 282
433 438
433 152
433 410
433 436
433 324
33 52
33 171
33 45
33 65
33 287
33 364
33 369
33 464
33 211
33 67
33 31
65 435
65 16
65 40
65 202
65 279
65 291
287 171
287 279
287 372
287 369
287 134
287 194
287 245
287 266
287 275
287 340
287 364
287 365
287 400
287 436
287 169
287 321
287 274
329 472
329 382
329 52
329 101
329 102
329 104
329 112
329 113
329 132
329 134
329 140
329 143
329 151
329 188
329 208
329 214
329 220
329 237
329 261
329 265
329 269
329 284
329 324
329 350
329 370
329 380
329 386
329 406
329 417
364 132
364 223
364 100
364 134
364 137
364 169
364 471
23 39
23 51
23 66
23 73
23 62
23 7
23 19
23 1
23 45
23 49
23 56
23 305
23 386
23 63
23 69
66 1
66 52
66 40
66 45
66 99
66 185
66 209
66 226
66 233
66 330
66 413
66 449
66 73
66 22
66 56
66 49
66 69
117 178
117 189
117 461
117 296
117 16
117 400
117 156
117 186
117 221
117 252
117 313
117 410
117 443
117 446
117 466
117 361
117 194
117 202
117 453
117 455
137 192
137 113
137 242
137 249
137 464
137 472
137 95
137 105
137 167
137 176
137 185
137 245
137 396
137 322
137 345
137 370
137 159
137 220
137 269
137 103
137 104
137 112
137 114
137 118
137 132
137 141
137 143
137 144
137 175
137 188
137 191
137 199
137 208
137 218
137 219
137 238
137 248
137 261
137 266
137 276
137 290
137 301
137 337
137 339
137 344
137 354
137 383
137 386
137 420
137 451
137 429
137 283
137 302
137 462
137 319
137 469
137 169
137 380
137 399
137 129
137 101
137 430
137 440
137 297
137 231
137 170
137 120
137 321
137 277
137 182
137 184
137 235
266 421
266 167
266 245
266 451
266 383
266 284
266 359
266 95
266 113
266 132
266 169
266 192
266 242
266 272
266 318
266 322
266 324
266 385
266 399
266 181
266 356
336 52
336 113
336 382
336 98
336 200
336 211
336 223
336 244
336 289
336 301
336 303
336 345
336 350
336 380
336 406
336 417
336 322
336 383
336 429
336 282
336 124
336 399
400 171
400 178
400 435
400 461
400 296
400 303
400 157
400 176
400 221
400 253
400 279
400 346
400 466
400 421
400 402
400 222
400 212
400 270
400 353
400 361
400 410
400 436
400 128
400 202
400 378
400 195
400 108
400 379
400 321
400 455
400 348
444 29
444 369
444 16
444 106
444 157
444 214
444 267
444 270
444 272
444 282
444 338
444 394
444 421
444 221
444 181
466 171
466 236
466 176
466 253
466 275
466 302
466 313
466 346
466 352
466 369
466 372
466 421
466 431
466 330
466 152
466 436
466 100
466 333
466 456
7 39
7 19
7 56
7 83
7 249
7 464
7 472
7 44
7 41
7 49
7 69
7 128
7 471
51 1
51 22
51 29
51 73
51 78
51 218
51 226
51 245
51 386
51 409
51 461
51 52
51 83
51 271
51 44
51 49
63 298
63 41
63 186
63 214
63 303
63 431
63 443
188 52
188 192
188 73
188 189
188 83
188 113
188 226
188 242
188 409
188 468
188 249
188 464
188 105
188 271
188 318
188 185
188 245
188 396
188 132
188 223
188 322
188 116
188 159
188 237
188 258
188 354
188 427
188 314
188 133
188 125
188 143
188 150
188 164
188 175
188 198
188 203
188 208
188 218
188 219
188 228
188 238
188 241
188 244
188 261
188 276
188 277
188 283
188 312
188 324
188 350
188 359
188 382
188 385
188 399
188 406
188 420
188 440
188 462
188 118
188 294
188 112
188 99
188 174
188 343
188 319
188 114
188 380
188 310
188 339
188 206
188 158
188 344
188 430
188 297
188 120
188 418
188 227
188 474
280 29
280 181
280 323
280 326
280 348
296 461
296 107
296 109
296 127
296 145
296 153
296 157
296 212
296 267
296 317
296 347
296 408
296 431
296 443
296 469
296 355
296 330
296 361
296 410
296 436
431 171
431 461
431 145
431 249
431 421
431 355
431 186
431 365
431 331
431 443
431 298
431 446
431 173
431 436
431 109
431 267
431 420
431 202
431 378
431 114
431 264
431 204
431 182
443 142
443 461
443 303
443 236
443 372
443 186
443 331
443 326
443 352
443 102
443 156
443 270
443 436
443 128
443 455
43 52
43 99
43 113
43 245
43 285
43 394
43 406
43 425
43 459
73 1
73 39
73 67
73 95
73 191
73 245
73 257
73 291
73 354
73 359
73 380
73 409
73 427
73 441
73 322
214 421
214 331
214 396
214 45
214 322
214 323
214 342
214 370
214 314
214 446
214 219
214 156
214 208
214 223
214 238
214 253
214 261
214 272
214 274
214 313
214 318
214 350
214 380
214 386
214 417
214 449
214 202
214 438
214 346
214 333
214 295
214 184
214 474
214 434
311 472
311 40
311 186
311 211
311 326
311 391
311 105
311 216
311 317
311 346
311 385
311 408
311 436
311 459
311 471
311 350
326 62
326 303
326 421
326 236
326 186
326 107
326 181
326 291
326 320
326 408
326 469
326 436
408 178
408 421
408 365
408 391
408 317
408 157
408 206
408 222
408 353
408 469
408 471
408 313
408 436
408 438
408 346
408 455
408 348
408 395
421 171
421 271
421 382
421 102
421 109
421 151
421 157
421 167
421 175
421 187
421 204
421 211
421 221
421 253
421 265
421 313
421 317
421 331
421 340
421 345
421 369
421 372
421 385
421 394
421 453
421 322
421 305
421 31
421 173
421 436
421 169
421 346
421 356
121 461
121 365
121 298
121 313
121 321
121 407
121 204
143 192
143 426
143 312
143 95
143 105
143 131
143 271
143 107
143 233
143 134
143 223
143 322
143 370
143 220
143 237
143 354
143 386
143 172
143 244
143 383
143 118
143 284
143 294
143 112
143 343
143 102
143 115
143 129
143 140
143 181
143 208
143 209
143 231
143 242
143 248
143 269
143 272
143 276
143 314
143 324
143 360
143 385
143 417
143 418
143 461
143 464
143 191
143 380
143 399
143 141
143 104
143 200
143 307
143 101
143 344
143 407
143 430
143 241
143 120
143 216
143 321
143 273
169 331
169 202
169 94
169 109
169 134
169 171
169 172
169 173
169 176
169 199
169 204
169 283
169 369
169 372
169 391
169 394
169 453
169 458
169 100
259 96
259 102
259 184
259 204
259 232
259 298
259 305
259 346
259 350
259 366
259 370
259 410
259 438
259 461
259 469
410 83
410 212
410 270
410 102
410 109
410 127
410 182
410 265
410 317
410 324
410 362
410 469
410 93
410 455
96 109
96 330
96 134
96 370
96 67
96 425
96 145
96 204
96 253
96 267
96 435
96 453
96 321
105 459
105 226
105 242
105 288
105 435
105 62
105 95
105 101
105 103
105 116
105 125
105 129
105 132
105 134
105 140
105 141
105 144
105 150
105 163
105 174
105 192
105 198
105 208
105 209
105 228
105 233
105 239
105 244
105 245
105 249
105 261
105 269
105 271
105 276
105 289
105 291
105 295
105 301
105 322
105 324
105 338
105 339
105 343
105 344
105 350
105 354
105 360
105 370
105 380
105 382
105 383
105 384
105 385
105 386
105 388
105 407
105 430
105 440
105 458
105 462
105 468
105 131
105 265
105 223
105 97
105 34
105 412
105 319
105 399
105 175
156 461
156 145
156 249
156 109
156 303
156 236
156 372
156 107
156 222
156 446
156 332
156 153
156 373
156 438
156 455
156 270
156 353
156 361
156 469
156 378
156 195
156 264
156 456
157 173
157 195
157 232
157 446
157 16
157 109
157 186
157 313
157 202
157 275
157 274
171 102
171 145
171 176
171 212
171 222
171 236
171 253
171 279
171 282
171 283
171 291
171 303
171 305
171 313
171 316
171 331
171 342
171 435
171 459
171 464
171 178
171 330
171 396
171 152
171 211
171 402
171 298
171 221
171 300
171 388
171 264
174 192
174 62
174 113
174 385
174 318
174 132
174 257
174 322
174 116
174 337
174 49
174 118
174 220
174 242
174 248
174 269
174 338
174 386
174 420
174 446
174 464
174 210
174 101
174 232
174 227
222 390
222 303
222 236
222 365
222 107
222 322
222 402
222 305
222 115
222 170
222 320
222 332
222 348
222 379
222 446
222 453
222 298
222 118
222 94
222 378
222 195
222 108
222 455
270 461
270 303
270 402
270 352
270 298
270 446
270 109
270 184
270 346
270 355
279 435
279 461
279 312
279 107
279 192
279 236
279 298
279 303
279 304
279 391
279 445
279 463
279 363
279 134
279 211
279 313
279 194
279 379
279 308
303 142
303 178
303 461
303 29
303 145
303 128
303 151
303 187
303 232
303 236
303 242
303 275
303 291
303 298
303 305
303 313
303 330
303 332
303 346
303 347
303 352
303 378
303 397
303 402
303 420
303 436
303 445
303 446
303 453
303 463
303 355
303 186
303 233
303 323
303 212
303 300
303 202
303 377
303 195
303 307
303 304
303 321
303 308
303 414
303 166
318 62
318 113
318 203
318 226
318 242
318 116
318 118
318 125
318 150
318 159
318 210
318 220
318 228
318 269
318 271
318 290
318 319
318 324
318 337
318 338
318 339
318 343
318 350
318 354
318 382
318 385
318 386
318 409
318 435
318 462
318 44
318 45
318 237
318 258
318 49
318 202
318 191
318 420
318 198
318 430
318 440
318 164
365 142
365 29
365 145
365 366
365 127
365 236
365 372
365 186
365 102
365 320
365 328
365 331
365 353
365 373
365 378
365 379
365 394
365 446
365 461
365 412
438 461
438 446
438 107
438 109
438 128
438 187
438 210
438 212
438 232
438 274
438 469
438 264
438 455
461 52
461 22
461 113
461 226
461 107
461 109
461 128
461 142
461 145
461 212
461 282
461 283
461 298
461 305
461 313
461 346
461 347
461 353
461 366
461 372
461 373
461 446
461 463
461 469
461 390
461 271
461 127
461 322
461 49
461 118
461 69
461 300
461 361
461 436
461 360
461 264
461 228
461 170
461 166
463 402
142 1
142 134
142 332
142 352
142 446
142 469
142 298
142 202
142 264
142 275
142 166
176 178
176 355
176 102
176 317
176 378
176 322
176 402
176 352
176 282
176 272
176 346
176 321
176 455
176 182
194 178
194 298
194 383
194 361
194 436
194 167
194 225
194 340
194 469
194 239
194 316
200 113
200 95
200 271
200 134
200 223
200 269
200 432
200 383
200 294
200 112
200 219
200 399
200 129
200 189
200 208
200 322
200 333
200 350
200 354
200 385
200 406
200 407
200 409
200 417
200 248
200 307
200 98
200 175
298 178
298 109
298 236
298 330
298 402
298 305
298 107
298 108
298 127
298 145
298 170
298 173
298 272
298 312
298 320
298 347
298 353
298 373
298 377
298 394
298 397
298 445
298 446
298 469
305 178
305 312
305 236
305 253
305 473
305 402
305 107
305 167
305 272
305 320
305 378
305 379
305 446
305 453
305 332
305 212
305 313
305 436
305 128
305 304
305 175
305 146
305 184
305 456
321 94
321 109
321 145
321 283
321 316
321 317
321 347
321 373
321 379
321 419
321 435
332 189
332 253
332 107
332 446
332 314
332 330
332 346
332 391
332 414
332 445
332 455
332 436
332 202
332 264
347 52
347 178
347 390
347 236
347 432
347 391
347 446
347 317
347 397
347 445
347 274
347 469
347 436
347 388
347 455
377 370
377 402
377 317
377 173
377 344
377 129
445 390
445 372
445 369
445 425
445 69
445 94
445 397
445 236
445 469
455 236
455 352
455 264
455 107
455 128
455 346
455 420
455 446
455 453
455 469
469 127
469 236
469 355
469 69
469 436
469 109
469 153
469 170
469 252
469 267
469 390
469 388
469 316
469 184
211 459
211 409
211 19
211 331
211 45
211 322
211 78
211 93
211 106
211 114
211 133
211 140
211 175
211 198
211 208
211 210
211 216
211 237
211 242
211 269
211 274
211 294
211 362
211 384
211 386
211 417
211 432
211 440
211 441
211 449
211 462
211 464
211 471
211 429
211 99
211 340
372 458
372 127
372 45
372 300
372 355
372 471
372 233
372 396
372 352
372 221
372 104
372 304
372 198
372 276
372 295
471 322
471 383
471 384
471 132
471 141
471 192
471 208
471 242
471 269
471 344
471 385
471 386
471 146
56 41
56 163
56 173
56 196
56 436
56 295
109 178
109 145
109 127
109 140
109 212
109 218
109 264
109 267
109 297
109 373
109 394
109 446
109 313
109 436
109 252
109 182
128 458
128 317
128 186
128 346
267 223
267 391
267 412
267 373
267 182
275 435
275 167
275 355
275 186
275 330
275 323
275 342
275 446
275 449
275 202
275 272
275 378
275 453
275 129
275 331
275 187
275 184
275 456
352 355
352 236
352 253
352 379
352 453
352 212
352 202
352 378
419 145
419 322
419 289
419 324
419 344
419 418
419 113
419 132
419 273
419 382
419 417
429 271
429 322
429 97
429 98
429 103
429 112
429 116
429 132
429 133
429 140
429 150
429 159
429 175
429 192
429 199
429 203
429 208
429 237
429 257
429 277
429 283
429 288
429 294
429 295
429 301
429 307
429 309
429 310
429 331
429 338
429 380
429 385
429 399
429 417
429 418
429 427
429 440
429 472
429 328
429 231
99 152
99 118
99 192
99 328
99 346
99 420
99 446
99 313
236 178
236 390
236 464
236 107
236 186
236 195
236 212
236 308
236 378
236 406
236 414
236 420
236 330
236 436
236 100
300 127
300 322
300 94
300 342
300 357
300 359
300 436
353 282
353 291
353 313
353 361
353 436
353 378
353 457
440 192
440 426
440 113
440 464
440 271
440 245
440 152
440 209
440 220
440 237
440 269
440 386
440 118
440 125
440 350
440 208
440 324
440 158
440 430
440 116
440 141
440 241
440 244
440 276
440 288
440 301
440 322
440 339
440 360
440 382
440 385
440 434
127 104
127 140
127 145
127 218
127 272
127 373
127 394
127 363
127 355
127 436
127 276
153 178
153 345
153 473
153 446
153 420
153 297
153 170
153 348
153 112
153 195
153 208
153 182
153 184
153 356
346 322
346 473
346 402
346 446
346 317
346 304
346 107
346 113
346 145
346 184
346 189
346 210
346 269
346 271
346 308
346 316
346 379
464 426
464 242
464 104
464 112
464 114
464 129
464 140
464 141
464 209
464 216
464 238
464 239
464 245
464 249
464 273
464 276
464 277
464 283
464 290
464 294
464 309
464 322
464 340
464 370
464 380
464 383
464 385
464 386
464 406
464 441
464 451
464 462
464 472
464 363
464 167
464 134
464 369
464 302
464 399
464 208
464 231
464 357
1 39
1 52
1 192
1 426
1 459
1 22
1 40
1 322
1 67
1 31
39 40
39 294
39 19
39 301
39 49
39 69
52 83
52 113
52 233
52 249
52 291
52 314
192 22
192 83
192 102
192 103
192 104
192 141
192 175
192 199
192 237
192 244
192 257
192 261
192 269
192 276
192 277
192 289
192 290
192 309
192 310
192 322
192 386
192 409
192 417
192 418
192 420
192 426
192 441
192 446
192 242
192 385
192 435
192 249
192 95
192 382
192 265
192 331
192 396
192 132
192 370
192 97
192 209
192 413
192 116
192 220
192 337
192 354
192 432
192 172
192 451
192 383
192 118
192 294
192 112
192 163
192 449
192 283
192 302
192 359
192 218
192 272
192 191
192 380
192 328
192 339
192 238
192 388
192 208
192 206
192 248
192 307
192 324
192 98
192 101
192 150
192 158
192 198
192 333
192 344
192 407
192 241
192 120
192 274
192 457
192 273
192 474
192 456
426 101
426 141
426 175
426 225
426 245
426 257
426 261
426 269
426 276
426 313
426 322
426 340
426 350
426 382
426 383
426 385
426 386
426 399
426 417
426 134
426 301
459 41
459 198
459 208
459 216
459 220
459 269
459 276
459 323
459 380
459 382
459 322
459 49
459 31
459 69
459 170
459 227
40 22
40 83
40 112
40 163
40 244
40 309
40 384
40 449
40 45
40 323
40 31
22 41
22 113
22 116
22 134
22 144
22 159
22 185
22 220
22 226
22 233
22 237
22 245
22 258
22 269
22 301
22 337
22 354
22 370
22 386
22 402
22 409
22 427
22 49
22 31
102 103
102 129
102 173
102 175
102 208
102 212
102 221
102 242
102 261
102 322
102 350
102 382
102 409
102 412
102 253
102 107
102 323
102 417
102 172
102 383
102 289
102 284
102 384
102 69
102 202
102 100
102 198
102 239
102 379
102 182
107 390
107 232
107 284
107 391
107 402
107 212
107 397
107 361
107 436
107 239
107 108
107 308
145 167
145 312
145 361
145 373
145 44
145 186
145 330
145 396
145 446
145 313
145 436
145 399
145 238
145 231
185 203
185 472
185 134
185 151
185 208
185 219
185 233
185 322
185 323
185 396
185 414
185 41
185 432
185 69
185 272
185 114
185 380
185 399
185 420
185 474
233 203
233 288
233 385
233 106
233 113
233 116
233 132
233 133
233 198
233 241
233 245
233 322
233 330
233 350
233 399
233 414
233 427
233 396
233 323
233 384
233 449
233 219
233 164
233 474
245 113
245 242
245 385
245 409
245 19
245 271
245 106
245 118
245 141
245 150
245 164
245 208
245 228
245 244
245 248
245 249
245 261
245 269
245 276
245 295
245 301
245 322
245 339
245 350
245 357
245 384
245 386
245 399
245 406
245 468
245 159
245 237
245 337
245 49
245 199
245 380
245 93
245 206
245 198
245 175
245 231
245 356
331 312
331 19
331 112
331 175
331 208
331 223
331 238
331 257
331 272
331 274
331 282
331 324
331 354
331 446
331 322
331 370
331 172
331 383
331 449
331 313
331 202
331 204
331 457
16 330
16 396
16 369
16 31
45 221
45 342
45 31
83 19
83 141
83 339
83 34
132 113
132 226
132 468
132 249
132 472
132 95
132 265
132 101
132 116
132 150
132 208
132 261
132 269
132 322
132 324
132 362
132 385
132 420
132 417
132 144
132 159
132 220
132 237
132 258
132 301
132 337
132 354
132 386
132 133
132 384
132 283
132 302
132 125
132 343
132 359
132 218
132 191
132 399
132 310
132 328
132 141
132 339
132 238
132 388
132 93
132 206
132 307
132 98
132 158
132 175
132 276
132 228
132 338
132 344
132 430
132 164
132 457
134 435
134 468
134 131
134 265
134 167
134 330
134 113
134 116
134 151
134 204
134 248
134 271
134 301
134 319
134 322
134 323
134 370
134 385
134 399
134 409
134 418
134 223
134 230
134 144
134 159
134 269
134 354
134 432
134 441
134 112
134 163
134 125
134 340
134 225
134 350
134 202
134 124
134 378
134 191
134 380
134 339
134 93
134 98
134 101
134 140
134 198
134 175
134 430
134 164
134 362
134 227
152 208
152 350
152 386
152 417
152 435
152 202
223 101
223 104
223 112
223 140
223 220
223 225
223 257
223 271
223 283
223 301
223 322
223 323
223 344
223 350
223 370
223 394
223 399
223 420
223 451
223 468
223 172
223 219
223 69
223 208
223 261
223 166
230 412
230 302
230 184
257 113
257 288
257 468
257 249
257 44
257 396
257 106
257 116
257 208
257 248
257 301
257 324
257 328
257 350
257 354
257 385
257 386
257 322
257 220
257 337
257 383
257 34
257 112
257 319
257 399
257 310
257 98
257 338
257 344
257 164
257 457
257 474
257 456
322 113
322 203
322 226
322 242
322 288
322 468
322 312
322 249
322 95
322 271
322 396
322 41
322 93
322 97
322 101
322 103
322 104
322 106
322 112
322 114
322 116
322 118
322 120
322 124
322 129
322 131
322 140
322 141
322 144
322 159
322 163
322 172
322 175
322 191
322 198
322 199
322 206
322 208
322 209
322 210
322 216
322 218
322 219
322 228
322 231
322 235
322 238
322 239
322 241
322 244
322 261
322 269
322 272
322 273
322 274
322 276
322 277
322 283
322 289
322 290
322 294
322 295
322 301
322 302
322 307
322 309
322 314
322 323
322 324
322 328
322 333
322 338
322 339
322 340
322 343
322 344
322 350
322 360
322 362
322 370
322 373
322 380
322 383
322 384
322 388
322 394
322 399
322 402
322 406
322 413
322 417
322 427
322 430
322 432
322 435
322 441
322 449
322 451
322 453
322 457
322 462
322 472
322 237
322 258
322 337
322 354
322 133
322 359
322 196
322 248
322 158
322 407
322 164
322 418
322 414
322 357
322 474
323 330
323 41
323 112
323 124
323 140
323 151
323 175
323 184
323 219
323 238
323 271
323 272
323 283
323 291
323 307
323 370
323 380
323 384
323 396
323 449
323 69
323 98
342 29
342 221
342 272
342 319
342 202
345 458
345 253
345 182
345 420
345 369
345 282
345 202
345 404
345 274
345 184
370 113
370 468
370 97
370 98
370 101
370 116
370 118
370 141
370 144
370 198
370 208
370 216
370 221
370 225
370 238
370 244
370 249
370 269
370 274
370 276
370 302
370 314
370 324
370 354
370 383
370 386
370 399
370 417
370 457
370 112
370 343
370 124
370 380
370 295
370 231
409 113
409 164
409 208
409 228
409 276
409 350
409 354
409 382
409 385
409 399
409 468
409 249
409 41
409 159
409 237
409 269
409 449
409 319
409 124
409 310
409 206
409 277
473 291
473 379
473 391
473 418
473 436
473 399
78 19
78 49
78 120
97 385
97 103
97 112
97 208
97 271
97 301
97 382
97 383
97 417
97 399
97 307
97 175
97 231
97 235
97 273
226 113
226 95
226 101
226 116
226 118
226 125
226 150
226 208
226 220
226 228
226 244
226 248
226 269
226 324
226 339
226 386
226 418
226 49
417 178
417 382
417 458
417 103
417 124
417 175
417 208
417 242
417 244
417 261
417 269
417 289
417 340
417 380
417 385
417 406
417 472
417 427
417 199
417 432
417 451
417 284
417 112
417 163
417 309
417 196
417 399
417 328
417 106
417 248
417 307
417 98
417 129
417 140
417 338
417 344
417 407
417 430
417 231
417 290
417 418
417 277
417 456
209 141
209 208
209 242
209 244
209 261
209 269
209 290
209 324
209 340
209 385
209 413
209 159
209 118
209 399
413 103
413 203
413 382
294 189
294 330
294 354
294 172
294 383
294 104
294 140
294 167
294 203
294 218
294 235
294 239
294 277
294 301
294 312
294 357
294 399
294 457
294 468
294 124
294 208
294 307
294 175
294 418
294 356
29 314
29 446
29 69
218 113
218 265
218 394
218 354
218 112
218 449
218 103
218 104
218 116
218 125
218 140
218 208
218 242
218 244
218 269
218 272
218 324
218 343
218 350
218 386
218 399
218 319
218 198
218 151
218 457
386 113
386 203
386 242
386 385
386 312
386 472
386 271
386 382
386 116
386 159
386 220
386 237
386 337
386 354
386 104
386 141
386 150
386 208
386 244
386 248
386 261
386 319
386 324
386 338
386 343
386 432
386 314
386 383
386 118
386 125
386 350
386 210
386 380
386 339
386 388
386 101
386 175
386 228
386 430
386 231
386 241
386 290
386 457
386 474
113 41
113 101
113 103
113 116
113 118
113 125
113 140
113 150
113 159
113 164
113 208
113 210
113 220
113 228
113 237
113 242
113 244
113 248
113 269
113 271
113 276
113 295
113 301
113 312
113 324
113 333
113 338
113 343
113 350
113 354
113 360
113 382
113 385
113 399
113 406
113 435
113 462
113 95
113 337
113 49
113 359
113 319
113 307
113 198
113 175
113 430
113 151
113 231
113 227
113 235
113 273
249 288
249 468
249 19
249 269
249 310
249 350
249 385
249 441
249 472
249 44
249 186
249 328
249 106
249 184
249 456
291 363
291 167
291 253
291 313
291 436
314 271
314 258
314 269
314 129
314 261
314 274
314 324
314 350
314 354
314 219
314 361
314 319
314 310
314 307
314 474
330 170
330 184
330 283
330 453
330 258
330 289
330 313
330 108
330 414
449 435
449 271
449 289
449 112
449 384
449 125
449 140
449 274
449 324
449 343
449 397
449 202
449 456
41 62
41 220
41 237
41 432
41 49
41 31
41 164
44 219
44 269
44 302
44 396
94 195
94 264
94 420
114 271
114 354
114 383
114 170
114 204
114 208
114 242
114 269
114 324
114 369
114 420
114 472
114 399
114 164
219 396
219 144
219 208
219 238
219 244
219 269
219 295
219 319
219 324
219 350
219 354
219 69
219 120
219 273
269 242
269 385
269 312
269 95
269 271
269 265
269 116
269 159
269 220
269 237
269 258
269 101
269 118
269 140
269 175
269 241
269 248
269 276
269 301
269 302
269 324
269 338
269 343
269 350
269 359
269 360
269 362
269 384
269 388
269 399
269 427
269 441
269 462
269 472
269 337
269 354
269 432
269 451
269 133
269 383
269 163
269 191
269 380
269 238
269 208
269 104
269 206
269 98
269 129
269 158
269 333
269 228
269 239
269 344
269 430
269 231
269 120
269 418
269 277
269 274
269 457
269 227
269 273
269 474
269 456
396 288
396 144
396 172
396 199
396 208
396 271
396 301
396 324
396 350
396 354
396 427
396 435
396 133
396 198
396 166
396 184
435 170
435 202
435 339
435 343
435 350
435 373
435 397
435 430
435 19
435 271
435 402
435 34
435 118
435 384
435 69
435 248
435 150
435 198
435 379
435 316
435 456
271 101
271 116
271 118
271 144
271 150
271 164
271 198
271 206
271 208
271 210
271 228
271 244
271 276
271 301
271 312
271 337
271 339
271 350
271 354
271 383
271 384
271 385
271 399
271 418
271 430
271 258
271 49
271 412
271 124
271 310
271 307
271 175
271 231
271 274
272 312
272 390
272 394
272 186
272 432
272 383
272 289
272 319
272 202
272 208
272 378
272 399
272 264
272 175
272 274
272 474
399 468
399 472
399 144
399 159
399 237
399 301
399 432
399 118
399 112
399 384
399 302
399 462
399 343
399 350
399 124
399 380
399 101
399 103
399 104
399 116
399 129
399 131
399 140
399 141
399 175
399 191
399 198
399 203
399 208
399 241
399 242
399 244
399 261
399 276
399 277
399 283
399 295
399 307
399 309
399 324
399 328
399 339
399 340
399 344
399 359
399 383
399 388
399 427
399 458
399 206
399 333
399 228
399 164
399 418
399 456
432 62
432 49
432 93
432 141
432 172
432 198
432 208
432 274
432 382
432 383
238 116
238 354
238 283
238 302
238 101
238 103
238 208
238 242
238 295
238 301
238 350
238 382
238 385
238 248
238 241
238 274
360 242
360 237
360 354
360 103
360 129
360 140
360 208
360 248
360 343
360 382
360 385
360 98
360 101
360 430
383 288
383 472
383 265
383 301
383 172
383 95
383 104
383 106
383 112
383 115
383 125
383 140
383 158
383 191
383 235
383 239
383 241
383 273
383 283
383 309
383 340
383 343
383 362
383 380
383 406
383 441
383 457
383 462
383 361
383 100
383 164
384 112
384 140
384 141
384 244
384 324
384 343
384 385
384 388
384 430
446 167
446 402
446 391
446 170
446 195
446 212
446 324
446 373
446 420
446 397
446 173
446 436
446 252
446 264
446 453
446 274
446 187
103 242
103 288
103 385
103 312
103 95
103 131
103 458
103 363
103 253
103 337
103 199
103 451
103 441
103 289
103 309
103 343
103 319
103 350
103 191
103 380
103 339
103 324
103 382
103 388
103 93
103 104
103 98
103 115
103 140
103 158
103 175
103 295
103 407
103 120
103 290
103 457
103 273
103 456
116 62
116 385
116 95
116 394
116 118
116 151
116 198
116 210
116 220
116 228
116 242
116 244
116 248
116 295
116 301
116 319
116 324
116 339
116 344
116 350
116 354
116 441
116 159
116 337
116 402
116 49
116 34
116 307
116 150
116 362
125 242
125 220
125 301
125 337
125 354
125 49
125 118
125 141
125 198
125 210
125 382
125 385
125 319
125 93
125 101
125 228
125 164
208 203
208 242
208 288
208 312
208 95
208 382
208 458
208 363
208 167
208 159
208 237
208 258
208 354
208 427
208 451
208 133
208 244
208 441
208 118
208 289
208 112
208 406
208 302
208 340
208 343
208 359
208 225
208 319
208 350
208 202
208 191
208 380
208 339
208 181
208 388
208 93
208 106
208 140
208 150
208 175
208 199
208 261
208 276
208 301
208 324
208 407
208 418
208 420
208 457
208 468
208 104
208 206
208 98
208 129
208 101
208 158
208 295
208 338
208 344
208 430
208 151
208 297
208 164
208 170
208 120
208 216
208 290
208 277
208 274
208 227
208 235
208 474
208 456
220 242
220 159
220 150
220 151
220 210
220 228
220 244
220 276
220 290
220 301
220 324
220 339
220 354
220 385
220 430
220 462
220 237
220 337
220 49
220 118
220 343
220 101
220 158
220 175
220 241
242 150
242 237
242 290
242 301
242 324
242 344
242 350
242 380
242 382
242 385
242 406
242 407
242 441
242 95
242 131
242 458
242 363
242 337
242 354
242 133
242 34
242 118
242 112
242 339
242 98
242 101
242 140
242 158
242 175
242 338
242 241
242 120
244 385
244 468
244 382
244 237
244 301
244 337
244 354
244 133
244 112
244 150
244 324
244 339
244 407
244 118
244 163
244 350
244 124
244 380
244 141
244 106
244 206
244 248
244 261
244 307
244 101
244 158
244 198
244 344
244 430
244 241
244 290
244 418
248 385
248 312
248 95
248 159
248 337
248 354
248 133
248 338
248 343
248 350
248 382
248 472
248 307
248 158
248 198
248 344
248 407
248 164
248 216
248 290
248 362
248 457
261 95
261 382
261 237
261 354
261 427
261 199
261 302
261 343
261 359
261 124
261 328
261 206
261 150
261 276
261 385
261 418
261 324
261 175
261 228
261 338
261 241
261 120
261 277
261 274
261 457
261 474
276 312
276 159
276 237
276 354
276 343
276 319
276 124
276 380
276 104
276 206
276 150
276 98
276 164
276 277
276 290
276 324
276 339
276 120
276 418
276 362
276 273
301 265
301 159
301 237
301 258
301 101
301 118
301 167
301 290
301 307
301 354
301 362
301 380
301 385
301 406
301 427
301 337
301 49
301 172
301 112
301 319
301 350
301 191
301 324
301 228
301 231
301 120
301 274
301 457
301 235
301 474
324 312
324 95
324 159
324 337
324 354
324 441
324 118
324 283
324 343
324 319
324 350
324 202
324 191
324 339
324 101
324 150
324 198
324 338
324 385
324 430
324 98
324 140
324 175
324 344
324 241
324 290
324 457
343 385
343 95
343 159
343 427
343 49
343 112
343 163
343 150
343 320
343 339
343 382
343 404
343 359
343 319
343 210
343 140
343 239
343 338
343 344
343 430
343 241
343 120
343 290
343 277
343 235
343 356
354 203
354 95
354 118
354 206
354 307
354 309
354 312
354 339
354 357
354 362
354 382
354 385
354 441
354 468
354 472
354 451
354 302
354 150
354 158
354 198
354 295
354 407
354 430
354 164
382 385
382 312
382 95
382 131
382 225
382 406
382 458
382 159
382 237
382 451
382 133
382 441
382 340
382 196
382 202
382 191
382 380
382 141
382 388
382 307
382 98
382 129
382 420
382 150
382 158
382 333
382 175
382 228
382 338
382 344
382 407
382 120
382 216
382 290
382 418
382 277
382 457
382 227
385 203
385 288
385 140
385 290
385 295
385 344
385 468
385 472
385 95
385 458
385 265
385 159
385 337
385 199
385 451
385 133
385 441
385 289
385 112
385 302
385 196
385 350
385 124
385 191
385 380
385 310
385 141
385 339
385 388
385 93
385 104
385 106
385 206
385 98
385 101
385 158
385 333
385 175
385 228
385 239
385 338
385 407
385 430
385 164
385 241
385 120
385 362
385 274
385 357
385 457
385 227
385 474
385 456
407 339
407 198
407 350
407 468
407 472
441 265
441 237
441 112
441 310
441 69
441 380
441 328
441 333
104 95
104 140
104 141
104 457
141 112
141 302
141 340
141 129
141 231
141 339
141 350
141 93
175 366
175 131
175 337
175 289
175 124
175 206
175 307
175 129
175 198
175 120
175 150
175 277
175 312
175 462
175 231
199 472
199 427
199 100
199 112
199 357
199 31
199 120
237 140
237 164
237 206
237 228
237 265
237 338
237 418
237 427
237 98
237 474
277 203
277 202
277 307
277 129
277 239
277 457
277 468
289 186
289 34
289 184
290 451
290 124
290 380
290 216
290 112
290 133
290 151
290 338
290 430
309 363
309 112
309 140
309 357
309 328
309 164
309 418
310 468
310 95
310 206
310 283
310 333
310 418
310 328
310 164
310 120
418 124
418 158
418 140
418 338
418 344
418 362
418 357
418 273
420 462
420 212
420 361
420 173
420 436
420 210
420 191
420 170
420 182
420 430
420 184
101 159
101 319
101 140
101 150
101 158
101 198
101 333
101 350
101 468
101 430
225 203
225 394
225 221
225 436
225 430
225 204
313 186
313 253
313 172
313 167
313 204
313 212
313 361
313 319
313 453
313 170
340 363
340 49
340 172
340 112
340 359
340 362
350 62
350 203
350 468
350 312
350 131
350 363
350 144
350 112
350 163
350 283
350 221
350 412
350 319
350 106
350 150
350 198
350 210
350 228
350 295
350 339
350 380
350 202
350 373
350 388
350 115
350 333
350 338
350 344
350 430
350 146
350 120
350 216
350 357
350 227
350 273
95 106
95 206
95 302
95 307
95 427
112 472
112 140
112 198
112 302
112 344
112 388
112 163
112 196
112 339
112 231
112 357
129 163
129 124
129 98
129 239
129 288
129 120
129 235
129 273
144 312
144 118
144 202
144 124
144 339
144 206
144 198
150 265
150 159
150 319
150 210
150 206
150 151
150 430
203 106
203 394
203 472
203 288
241 133
241 118
241 239
241 216
241 235
295 159
295 427
295 163
295 380
295 173
295 344
295 430
302 427
302 472
302 231
312 108
312 181
312 186
312 304
312 379
312 258
312 319
312 388
312 264
312 164
312 120
312 457
402 186
402 187
402 210
402 212
402 390
402 34
427 258
427 206
427 282
427 283
427 304
427 451
427 124
427 231
427 308
427 166
427 240
462 472
462 69
462 93
198 133
198 202
198 339
198 62
198 228
198 362
198 388
198 164
198 227
216 258
216 451
216 283
216 436
216 339
216 304
216 120
216 357
380 133
380 124
380 265
380 273
380 333
380 108
178 131
178 212
178 184
189 202
265 140
265 355
265 394
265 472
265 186
265 333
363 98
363 357
363 451
363 167
363 348
394 319
394 391
394 436
394 378
394 328
282 361
282 283
283 253
283 258
283 451
283 133
283 151
283 304
283 357
283 69
283 100
283 379
283 274
317 167
317 378
317 456
167 221
167 451
167 355
167 391
167 284
167 436
167 202
167 181
167 274
167 356
167 456
202 253
202 221
202 308
202 378
202 472
67 49
67 172
191 430
191 339
191 98
191 344
359 49
359 172
359 430
173 212
173 320
173 333
173 235
212 195
212 378
212 397
212 406
212 453
212 436
212 210
412 366
412 100
412 172
412 320
412 274
151 159
151 337
151 133
151 106
151 307
151 108
151 146
151 308
151 414
151 456
210 228
210 338
339 304
339 158
339 338
339 164
339 120
344 124
344 328
344 388
344 472
133 264
172 369
172 31
172 231
253 333
316 181
184 258
184 320
320 196
320 378
320 304
373 264
373 379
373 182
62 319
62 49
62 69
288 406
288 468
288 430
288 474
468 328
458 49
458 457
159 118
159 164
159 338
159 362
159 49
258 304
258 406
258 451
337 228
337 338
337 472
337 34
337 118
284 181
69 118
69 124
69 182
390 285
390 378
390 391
390 436
397 378
397 348
319 304
319 472
319 474
19 49
388 98
231 357
355 338
379 378
379 195
118 49
118 34
118 228
118 338
140 106
164 228
164 206
164 274
164 357
228 338
228 406
333 472
338 328
338 158
406 285
406 124
406 425
406 98
406 356
106 328
106 239
106 474
472 328
195 166
195 264
348 124
348 204
100 115
239 163
239 404
239 235
239 273
474 430
170 297
170 434
49 34
391 436
391 453
451 369
451 357
436 182
436 297
436 308
436 378
436 453
453 369
453 304
453 456
115 378
204 232
204 252
204 182
369 304
369 425
369 98
252 264
182 362
304 98
304 273
206 328
264 395
98 124
